0 0.505 0.54 0.05 0.135
0 0.099 0.736 0.199 0.522
0 0.341 0.58 0.138 0.198
0 0.382 0.532 0.079 0.13
0 0.4 0.517 0.077 0.112
0 0.42 0.503 0.063 0.082
1 0.446 0.47 0.055 0.094
0 0.886 0.689 0.226 0.618
3 0.753 0.743 0.081 0.508
0 0.726 0.655 0.164 0.304
0 0.644 0.587 0.092 0.186
0 0.61 0.533 0.071 0.169
3 0.562 0.507 0.013 0.093
0 0.661 0.508 0.081 0.103
0 0.145 0.59 0.181 0.234
0 0.242 0.546 0.103 0.161
0 0.502 0.504 0.029 0.087
0 0.048 0.642 0.095 0.308
0 0.286 0.528 0.066 0.131
1 0.763 0.491 0.121 0.153
0 0.061 0.549 0.123 0.172
