0 0.077 0.742 0.155 0.511
0 0.087 0.674 0.174 0.383
0 0.151 0.658 0.248 0.299
0 0.195 0.601 0.22 0.24
0 0.27 0.582 0.144 0.19
0 0.295 0.562 0.14 0.207
5 0.436 0.551 0.013 0.099
0 0.853 0.787 0.292 0.42
0 0.874 0.673 0.249 0.401
0 0.812 0.641 0.222 0.289
0 0.739 0.627 0.163 0.22
0 0.705 0.593 0.119 0.187
0 0.673 0.595 0.137 0.172
0 0.645 0.582 0.124 0.137
0 0.633 0.56 0.101 0.147
0 0.365 0.553 0.087 0.097
0 0.382 0.554 0.074 0.088
0 0.526 0.546 0.031 0.08
0 0.512 0.528 0.019 0.056
1 0.498 0.499 0.012 0.047
