0 0.099 0.723 0.198 0.508
0 0.102 0.644 0.205 0.344
0 0.18 0.639 0.223 0.271
0 0.216 0.59 0.203 0.223
0 0.283 0.563 0.135 0.179
0 0.305 0.544 0.133 0.197
5 0.438 0.537 0.012 0.094
0 0.837 0.776 0.324 0.442
0 0.863 0.654 0.272 0.36
0 0.787 0.623 0.201 0.265
0 0.723 0.609 0.151 0.204
0 0.694 0.576 0.112 0.175
0 0.665 0.574 0.129 0.162
0 0.64 0.565 0.118 0.13
0 0.629 0.544 0.097 0.141
0 0.369 0.536 0.084 0.093
0 0.385 0.536 0.072 0.085
0 0.526 0.53 0.03 0.076
0 0.513 0.514 0.019 0.054
1 0.499 0.485 0.012 0.047
