0 0.052 0.729 0.105 0.537
0 0.116 0.676 0.232 0.441
0 0.115 0.62 0.231 0.312
0 0.205 0.624 0.203 0.249
0 0.234 0.58 0.189 0.209
0 0.295 0.545 0.128 0.17
0 0.315 0.527 0.126 0.188
5 0.441 0.517 0.011 0.09
0 0.823 0.768 0.343 0.459
0 0.839 0.622 0.265 0.325
0 0.765 0.608 0.184 0.244
0 0.71 0.586 0.141 0.19
0 0.684 0.56 0.105 0.165
0 0.657 0.556 0.123 0.153
0 0.633 0.548 0.113 0.123
0 0.625 0.529 0.093 0.136
0 0.374 0.513 0.081 0.089
0 0.389 0.519 0.07 0.082
0 0.526 0.515 0.03 0.073
0 0.514 0.501 0.019 0.053
1 0.499 0.472 0.012 0.046
