3 0.245 0.502 0.017 0.153
3 0.33 0.491 0.013 0.105
3 0.066 0.536 0.038 0.275
3 0.243 0.472 0.012 0.108
0 0.469 0.485 0.02 0.049
0 0.829 0.554 0.088 0.13
0 0.894 0.557 0.099 0.125
0 0.948 0.559 0.103 0.126
3 0.033 0.538 0.031 0.254
3 0.268 0.475 0.011 0.116
3 0.254 0.48 0.009 0.102
3 0.119 0.537 0.028 0.238
3 0.075 0.524 0.025 0.242
3 0.602 0.639 0.061 0.401
3 0.753 0.601 0.065 0.408
5 0.388 0.503 0.015 0.114
3 0.053 0.527 0.021 0.209
3 0.014 0.52 0.029 0.234
0 0.506 0.502 0.029 0.076
3 0.23 0.467 0.008 0.095
3 0.184 0.474 0.008 0.119
3 0.926 0.53 0.009 0.098
