0 0.947 0.567 0.105 0.139
0 0.894 0.563 0.102 0.132
0 0.826 0.562 0.095 0.142
0 0.506 0.508 0.028 0.082
5 0.395 0.527 0.03 0.154
5 0.416 0.496 0.013 0.081
3 0.161 0.466 0.014 0.128
3 0.164 0.512 0.028 0.202
5 0.72 0.587 0.097 0.415
3 0.214 0.487 0.016 0.141
3 0.188 0.483 0.019 0.142
3 0.458 0.6 0.045 0.341
3 0.49 0.575 0.044 0.325
3 0.536 0.589 0.043 0.37
3 0.86 0.678 0.103 0.582
3 0.875 0.66 0.097 0.508
3 0.66 0.666 0.088 0.546
3 0.69 0.656 0.056 0.503
3 0.699 0.642 0.049 0.425
3 0.508 0.616 0.058 0.401
