0 0.947 0.566 0.105 0.139
0 0.894 0.563 0.102 0.132
0 0.826 0.562 0.095 0.142
0 0.506 0.508 0.028 0.082
5 0.41 0.538 0.036 0.18
5 0.439 0.525 0.04 0.179
5 0.409 0.5 0.015 0.09
3 0.157 0.467 0.013 0.128
3 0.141 0.516 0.032 0.217
5 0.86 0.624 0.152 0.516
3 0.215 0.493 0.017 0.145
3 0.185 0.485 0.017 0.147
3 0.487 0.6 0.041 0.362
3 0.518 0.58 0.042 0.342
3 0.559 0.601 0.05 0.396
3 0.962 0.693 0.074 0.608
3 0.962 0.671 0.075 0.529
3 0.747 0.7 0.1 0.595
3 0.753 0.681 0.088 0.555
3 0.777 0.66 0.067 0.465
3 0.553 0.625 0.055 0.43
