3 0.234 0.512 0.023 0.181
3 0.315 0.495 0.015 0.12
3 0.116 0.521 0.026 0.232
3 0.217 0.475 0.013 0.12
0 0.462 0.504 0.031 0.076
0 0.829 0.554 0.088 0.13
0 0.894 0.557 0.099 0.125
0 0.948 0.559 0.103 0.126
3 0.103 0.524 0.032 0.216
3 0.253 0.478 0.015 0.129
3 0.235 0.485 0.022 0.114
3 0.155 0.523 0.02 0.204
3 0.118 0.51 0.02 0.209
3 0.914 0.722 0.111 0.55
5 0.414 0.49 0.01 0.081
3 0.107 0.514 0.018 0.177
3 0.078 0.509 0.029 0.199
0 0.506 0.502 0.029 0.076
3 0.187 0.474 0.01 0.119
3 0.98 0.538 0.011 0.097
