0 0.506 0.541 0.05 0.135
0 0.148 0.736 0.228 0.504
0 0.356 0.565 0.125 0.177
0 0.391 0.524 0.074 0.121
0 0.407 0.515 0.073 0.105
0 0.425 0.497 0.06 0.078
1 0.449 0.467 0.053 0.091
0 0.86 0.728 0.279 0.539
3 0.706 0.685 0.053 0.405
0 0.694 0.624 0.134 0.256
0 0.631 0.573 0.081 0.166
0 0.603 0.525 0.065 0.156
3 0.557 0.501 0.012 0.089
0 0.18 0.578 0.155 0.208
0 0.264 0.541 0.092 0.147
0 0.503 0.499 0.029 0.088
0 0.073 0.637 0.147 0.303
0 0.301 0.52 0.06 0.122
1 0.752 0.486 0.115 0.146
0 0.097 0.541 0.109 0.157
