0 0.066 0.741 0.133 0.513
0 0.097 0.699 0.195 0.464
0 0.14 0.632 0.281 0.351
0 0.176 0.593 0.19 0.262
0 0.245 0.599 0.172 0.213
0 0.265 0.558 0.165 0.184
0 0.314 0.529 0.115 0.154
0 0.33 0.512 0.115 0.173
5 0.447 0.507 0.01 0.083
0 0.725 0.745 0.213 0.459
0 0.785 0.598 0.218 0.273
0 0.73 0.583 0.156 0.211
0 0.687 0.564 0.124 0.168
0 0.644 0.542 0.112 0.14
0 0.624 0.534 0.104 0.113
0 0.617 0.518 0.087 0.127
0 0.381 0.504 0.077 0.085
0 0.396 0.508 0.066 0.078
0 0.526 0.508 0.028 0.07
1 0.501 0.466 0.012 0.045
