0 0.078 0.731 0.155 0.534
0 0.13 0.64 0.26 0.391
0 0.148 0.6 0.21 0.285
0 0.226 0.61 0.186 0.23
0 0.251 0.552 0.176 0.196
0 0.305 0.529 0.121 0.162
0 0.323 0.511 0.12 0.18
5 0.444 0.503 0.011 0.086
0 0.765 0.762 0.264 0.472
0 0.81 0.609 0.239 0.297
0 0.746 0.595 0.169 0.226
0 0.698 0.566 0.132 0.178
0 0.676 0.546 0.1 0.156
0 0.65 0.538 0.117 0.146
0 0.628 0.534 0.109 0.118
0 0.621 0.516 0.09 0.131
0 0.378 0.503 0.079 0.087
0 0.393 0.502 0.068 0.08
0 0.526 0.501 0.029 0.071
1 0.5 0.459 0.012 0.046
